epoch:0 0.1863  0.2977  0.2035  0.0711  0.1371  0.2026  0.3319  0.5091  0.5217  0.2696  0.4197  0.5651  0.9094  0.005
epoch:1 0.3666  0.577  0.3965  0.1474  0.275  0.4107  0.4033  0.6056  0.6252  0.3568  0.5311  0.6667  0.6268  0.005
epoch:2 0.3656  0.5948  0.4003  0.1596  0.2704  0.4033  0.3903  0.5711  0.5907  0.3299  0.5017  0.6259  0.5127  0.005
epoch:3 0.5039  0.7464  0.5487  0.2061  0.372  0.5591  0.4561  0.654  0.6727  0.4009  0.5779  0.7167  0.3649  0.00165
epoch:4 0.5195  0.7603  0.5647  0.2241  0.3865  0.5776  0.4634  0.6639  0.6837  0.3953  0.581  0.7306  0.3106  0.00165
epoch:5 0.5214  0.7573  0.5672  0.2077  0.3777  0.5838  0.4675  0.6632  0.6802  0.4016  0.5725  0.7284  0.2761  0.00165
epoch:6 0.5386  0.7746  0.5867  0.2104  0.3908  0.6008  0.4748  0.6696  0.6865  0.3863  0.5728  0.7375  0.2334  0.000545
epoch:7 0.5392  0.7749  0.5837  0.2196  0.395  0.6017  0.4742  0.6706  0.6864  0.3991  0.5748  0.7378  0.2176  0.000545
epoch:8 0.5395  0.7734  0.5852  0.2131  0.3922  0.6016  0.4752  0.6693  0.6852  0.3967  0.5715  0.7376  0.2064  0.000545
epoch:9 0.5414  0.7755  0.5892  0.2096  0.3914  0.6048  0.4748  0.6695  0.6852  0.3813  0.5699  0.7381  0.1934  0.00018
epoch:10 0.5433  0.7746  0.5923  0.2072  0.3921  0.608  0.4767  0.6716  0.6858  0.3899  0.5707  0.7402  0.1895  0.00018
epoch:11 0.5417  0.7743  0.5893  0.2041  0.3937  0.605  0.4759  0.6691  0.684  0.3887  0.5657  0.7384  0.1849  0.00018
epoch:12 0.543  0.7751  0.5905  0.2136  0.395  0.6072  0.4763  0.67  0.685  0.3789  0.5678  0.7396  0.1802  5.9e-05
epoch:13 0.543  0.7768  0.5889  0.2066  0.3957  0.6071  0.4754  0.67  0.6845  0.3885  0.5704  0.7378  0.179  5.9e-05
epoch:14 0.5431  0.7768  0.5904  0.2048  0.3922  0.6078  0.4762  0.6703  0.6844  0.3955  0.5667  0.7391  0.1778  5.9e-05
