epoch:0 0.2178  0.5096  0.1382  0.0435  0.1703  0.2747  0.2295  0.4296  0.4544  0.0959  0.377  0.5225  10.0337  0.001
epoch:1 0.4916  0.7566  0.552  0.1022  0.3643  0.5832  0.4143  0.5961  0.6066  0.1484  0.4902  0.6896  7.1049  0.000997
epoch:2 0.5072  0.767  0.5709  0.113  0.3847  0.5981  0.4251  0.6134  0.6238  0.1737  0.5125  0.7051  6.7548  0.000989
epoch:3 0.5205  0.7732  0.5884  0.1223  0.3958  0.6137  0.4331  0.6259  0.6362  0.1939  0.5239  0.7187  6.1142  0.000976
epoch:4 0.4881  0.7482  0.5497  0.1175  0.3997  0.5709  0.4127  0.605  0.6158  0.2097  0.5343  0.6812  6.1516  0.000957
epoch:5 0.5055  0.7713  0.5688  0.1422  0.4029  0.5944  0.4225  0.6171  0.6291  0.2222  0.538  0.7016  6.0384  0.000934
epoch:6 0.5304  0.7851  0.5939  0.1589  0.4198  0.6224  0.4342  0.6347  0.6459  0.2501  0.5508  0.7208  5.7964  0.000905
epoch:7 0.5362  0.7877  0.6041  0.1592  0.4181  0.6285  0.4422  0.6421  0.654  0.2502  0.5463  0.7298  5.4919  0.000873
epoch:8 0.537  0.7874  0.6018  0.1576  0.4252  0.6277  0.4426  0.6418  0.654  0.245  0.5489  0.7281  5.9318  0.000836
epoch:9 0.5254  0.7709  0.5878  0.1637  0.4179  0.6178  0.4354  0.6387  0.6506  0.2647  0.5493  0.7206  5.4529  0.000796
epoch:10 0.5437  0.7916  0.613  0.1575  0.4184  0.6387  0.4456  0.6472  0.6595  0.251  0.5497  0.7367  5.4031  0.000752
epoch:11 0.5422  0.79  0.6067  0.1633  0.4133  0.6353  0.446  0.6472  0.6604  0.2599  0.5412  0.7351  5.3962  0.000706
epoch:12 0.5574  0.796  0.6198  0.1627  0.4318  0.6502  0.4524  0.6553  0.6666  0.2679  0.557  0.7424  5.1675  0.000658
epoch:13 0.5506  0.7949  0.6129  0.1737  0.419  0.6494  0.4533  0.6544  0.6666  0.268  0.5487  0.7468  5.3321  0.000608
epoch:14 0.5594  0.7967  0.6242  0.1702  0.44  0.6543  0.4567  0.6622  0.6751  0.2779  0.5643  0.7511  5.1364  0.000557
epoch:15 0.5087  0.7456  0.5636  0.1501  0.435  0.6094  0.4285  0.6312  0.6448  0.288  0.5714  0.7058  5.2269  0.000505
epoch:16 0.565  0.798  0.6296  0.1694  0.4416  0.6587  0.4586  0.6623  0.6753  0.287  0.5677  0.7496  5.2695  0.000453
epoch:17 0.5671  0.7984  0.6336  0.1723  0.4427  0.66  0.4609  0.666  0.679  0.2729  0.5666  0.7556  5.0134  0.000402
epoch:18 0.5683  0.7997  0.6295  0.1733  0.444  0.6676  0.4622  0.669  0.6828  0.2879  0.5737  0.7569  5.114  0.000352
epoch:19 0.5494  0.788  0.6086  0.1742  0.4423  0.6425  0.4494  0.6555  0.6699  0.3008  0.5766  0.7373  4.9193  0.000304
epoch:20 0.5729  0.8006  0.6372  0.177  0.4474  0.6667  0.4646  0.6701  0.6839  0.2846  0.5753  0.7595  5.082  0.000258
epoch:21 0.5654  0.7948  0.6226  0.1798  0.4476  0.6609  0.4608  0.6701  0.6838  0.3041  0.5807  0.7548  4.9573  0.000214
epoch:22 0.5694  0.8001  0.6307  0.1905  0.4534  0.6615  0.463  0.6704  0.6847  0.3147  0.5809  0.7555  4.9538  0.000174
epoch:23 0.576  0.8046  0.6389  0.1804  0.4483  0.6721  0.4647  0.6732  0.6873  0.2951  0.5783  0.7629  4.8403  0.000137
epoch:24 0.5572  0.7876  0.6137  0.1925  0.4545  0.6509  0.4555  0.6639  0.6783  0.3176  0.591  0.7447  4.9254  0.000105
epoch:25 0.5689  0.7965  0.6258  0.1919  0.4555  0.6645  0.4638  0.6728  0.6865  0.3124  0.5884  0.7576  4.9938  7.6e-05
epoch:26 0.5803  0.8041  0.6388  0.1865  0.4593  0.6765  0.4694  0.6787  0.6929  0.2997  0.5872  0.7674  4.7412  5.3e-05
epoch:27 0.5731  0.7964  0.6307  0.1829  0.4586  0.6669  0.4666  0.6752  0.6888  0.311  0.588  0.7602  4.99  3.4e-05
epoch:28 0.5186  0.7404  0.571  0.1558  0.4419  0.6184  0.4356  0.6431  0.6574  0.3138  0.5868  0.7147  4.9957  2.1e-05
epoch:29 0.5833  0.8056  0.6421  0.1846  0.4566  0.6804  0.472  0.6812  0.6958  0.2923  0.5876  0.772  4.6954  1.3e-05
