epoch:0 0.25  0.478  0.2388  0.0378  0.1291  0.3036  0.2975  0.4087  0.4153  0.0817  0.248  0.4701  5.2773  0.0005
epoch:1 0.2692  0.5251  0.2437  0.0403  0.1482  0.3233  0.3101  0.4306  0.4386  0.0836  0.2709  0.504  4.2789  0.0005
epoch:2 0.2758  0.5475  0.2511  0.0437  0.1582  0.3243  0.3095  0.4304  0.4396  0.0925  0.2895  0.4959  4.0182  0.0005
epoch:3 0.2944  0.568  0.2744  0.0426  0.1658  0.3514  0.3226  0.444  0.4499  0.0957  0.2834  0.5141  3.8803  0.0005
epoch:4 0.2782  0.5413  0.256  0.0282  0.1349  0.3392  0.3144  0.4303  0.4404  0.071  0.253  0.5121  3.7747  0.0005
epoch:5 0.3707  0.6497  0.3833  0.0689  0.2167  0.4357  0.3708  0.5099  0.521  0.1375  0.368  0.5831  3.3626  0.00015
epoch:6 0.3778  0.651  0.3985  0.0826  0.2207  0.4458  0.3745  0.5128  0.5216  0.1479  0.3618  0.588  3.1609  0.00015
epoch:7 0.3863  0.6643  0.4054  0.0824  0.2336  0.4531  0.3798  0.5188  0.5275  0.1537  0.3887  0.5896  3.0593  0.00015
epoch:8 0.3826  0.6621  0.3995  0.0887  0.2228  0.4516  0.3785  0.5173  0.5271  0.1543  0.3668  0.5949  3.0275  0.00015
epoch:9 0.386  0.6669  0.4005  0.0834  0.2287  0.453  0.3783  0.5201  0.5296  0.1651  0.3893  0.5925  2.9814  0.00015
epoch:10 0.4029  0.6772  0.427  0.0826  0.2444  0.4712  0.3889  0.5317  0.5403  0.151  0.3886  0.6059  2.828  4.5e-05
epoch:11 0.4071  0.6803  0.4291  0.0879  0.2421  0.4761  0.3914  0.5353  0.5437  0.1581  0.3856  0.6095  2.8156  4.5e-05
epoch:12 0.4091  0.6841  0.4344  0.0842  0.2511  0.4767  0.393  0.5372  0.5465  0.1603  0.3995  0.6095  2.7675  4.5e-05
epoch:13 0.4157  0.6888  0.4454  0.0888  0.2499  0.4851  0.3971  0.5413  0.5504  0.1603  0.4018  0.6146  2.7378  4.5e-05
epoch:14 0.4178  0.6914  0.447  0.091  0.2504  0.4867  0.3992  0.5446  0.5528  0.1663  0.4029  0.617  2.7013  4.5e-05
